usuarioId,contenidoId,valoracion,fechaLike
11,14,4,2024-12-06
12,10,2,2024-08-12
4,14,4,2024-06-16
11,24,5,2025-02-22
10,10,5,2024-10-27
14,1,3,2024-12-18
4,14,5,2024-07-30
11,11,4,2024-09-26
8,22,5,2025-02-02
8,24,1,2025-02-25
5,17,5,2024-06-17
6,3,3,2025-01-22
4,7,1,2025-03-08
1,8,5,2024-09-21
14,25,4,2025-04-15
7,21,2,2024-08-01
12,23,4,2024-11-07
7,8,1,2025-03-08
15,25,4,2025-03-29
4,6,5,2024-05-31
8,2,2,2024-08-10
15,4,2,2024-10-01
13,15,5,2024-06-15
9,20,4,2024-12-11
10,24,4,2024-09-06
14,18,2,2024-10-06
12,16,3,2024-10-04
13,8,3,2024-06-30
13,25,4,2024-08-29
11,8,4,2025-01-02
2,23,2,2024-12-27
5,11,5,2024-12-10
2,5,2,2025-03-06
7,23,2,2025-03-05
2,14,3,2024-10-26
9,15,1,2024-10-22
4,14,5,2024-11-04
12,1,4,2024-08-01
8,1,3,2024-11-23
13,13,5,2024-10-20
12,24,5,2024-08-16
15,8,2,2024-09-15
5,14,1,2024-09-16
7,11,4,2024-06-14
12,6,2,2024-09-25
10,18,4,2025-05-09
10,19,1,2024-06-17
2,21,2,2024-10-15
14,15,1,2025-02-18
5,13,2,2024-12-06
8,11,4,2024-12-01
5,25,3,2024-10-19
14,3,1,2024-09-24
12,18,3,2025-04-26
4,21,1,2025-04-17
13,1,2,2025-01-16
14,1,2,2024-07-08
4,5,1,2024-09-22
10,7,3,2024-09-26
13,12,5,2025-02-26
10,24,2,2025-03-25
5,4,1,2024-07-30
15,10,4,2024-08-01
7,23,1,2025-02-10
10,23,2,2024-07-05
2,23,5,2024-12-19
13,4,1,2024-08-06
6,18,3,2024-10-15
2,17,3,2024-06-25
1,14,1,2024-09-14
7,12,4,2024-07-01
12,5,2,2024-10-12
12,17,3,2024-06-23
10,18,4,2024-09-17
7,24,3,2024-07-23
6,8,3,2025-04-08
15,15,4,2025-01-18
10,20,4,2024-06-14
6,1,3,2024-09-11
3,16,3,2025-02-03
13,9,3,2024-11-29
15,20,3,2024-05-28
9,1,2,2024-08-31
2,8,4,2024-10-26
9,25,4,2025-01-19
11,23,4,2024-09-13
13,1,3,2025-04-05
4,13,2,2024-06-02
5,22,3,2024-07-29
8,18,3,2024-08-24
7,24,3,2024-08-14
6,23,3,2024-10-02
5,9,1,2025-01-24
12,7,1,2024-12-12
12,18,2,2024-06-03
4,7,3,2024-09-17
12,19,5,2024-08-27
5,4,3,2025-02-12
4,12,3,2025-02-20
1,23,2,2024-08-22
